120	70	87	122	128	130
121	80	86	128	130	134
88	60	82	127	129	137
106	72	82	80	115	128
92	15	56	68	125	127
112	72	82	115	118	130
35	7	5	32	35	40
138	65	70	120	138	144
82	7	95	118	120
122	50	52	120	121	132
58	74	84	85
110	62	68	100	110	130
20	17	18	30
10	12	28
116	68	72	122	132
89	84	102	103
106	75	75	118	130	136
105	40	40	92	130	135
8	5	7	15
135	70	75	132	135	154
110	102	110	132
57	40	54	82	95	97
138	77	90	132	134	141
106	20	28	112	118	116
11	37	5	7	
37	10	30	38	70
112	67	82	116	119
92	6	25	48	110	119
140	45	65	110	118	122
60	16	45	77	84	85
64	95	102	120
7	5	8	18
8	48	49	65

0=18