6	10	11	10
130	48	80	115	120	122
72	45	44	78	87
148	70	105	110	118
16	29	30	31
70	72	80	82	92	122
47	12	19	20	60	62
110	52	62	112	121	122
72	15	20	82	86	93
78	15	54	70	77	80	120
32	42	44
132	85	102	128	130	132
102	65	73	90	124	121
140	90	95	117	118	118
30	30	31	38
10	5	18	21
18	20	21	28
80	30	32	68	80	89
128	42	78	105	110	116
80	10	22	26	80	92
42	32	45	48
40	42	50	52
112	112	114	116
128	105	118	126
142	62	88	110	124	126
132	10	90	96	120
60	70	77	90
138	75	135	70	120	136
10	15	20
96	35	52	114	116
6	6	20

0=17