102	97	98	118	122
90	50	85	115	118
95	48	65	120	121	125
115	80	92	121	122	128
135	78	79	122	128	132
125	47	65	111	122	123
101	70	85	112	124	125
105	57	87	106	115
95	65	67	68	121	122
107	67	73	98	102	104
58	55	57	58
95	60	70	110	125	128
75	38	47	84
82	22	25	58	70	77
33	60	68	72
55	5	60	62	110	111
128	22	120	120	123
38	40	74	106	110
18	17	19
10	5	12
102	71	72	88	112	116
18	10	10
27	25	26	33
78	31	32	98	108	116
38	10	31	42	44	71
102	42	44	106	110	115
72	10	24	40	70	72	110
106	32	115	122	124
98	92	100	130
126	110	115	141

0=20