58	10	21	30	60	62
60	44	86	98
55	58	61	72
152	90	108	137	146
136	75	77	120	124	135
132	72	104	120	121
80	85	55	110	112	113
146	80	94	127	135	140
62	12	48	50	54
118	55	85	89	127	128
130	55	107	109	136
18	12	15	20
82	42	118	121	135	
75	82	86	97	
40	42	57	75	96	
100	38	112	114	127	
122	77	87	105	137	141
97	45	82	86	120	131
102	60	78	108	118	127
121	30	65	109	112	123	
136	80	81	120	128	138	
128	100	102	122	130	
121	72	74	109	128	134	
110	68	80	81	127	126	
100	10	15	17	18	108	
107	55	115	120	132
72	8	61	62	73	
140	110	121	122	
45	41	42	50
105	40	55	108	115	120

0=20