70	55	68	77	98	108
102	82	85	129	130	130
111	82	90	126	128	131
32	45	55	85
45	42	52	82	84
57	15	35	47	77
114	48	54	92	112	114
80	55	62	93	95	96
30	30	34
12	20	21	27
12	15	17	22
113	82	83	107	109	112
66	68	75	95	106	107
32	18	55	65	67
78	54	56	94	98	102
5	10	20
92	58	68	118	120	123
97	62	68	100	101	111
6	38	41	64
88	21	71	105	118	120
64	28	40	62	66	75
47	24	35	60	70	84	86
38	12	70	75	89	96
89	38	74	92	115	118
45	5	10	45	46
98	60	75	82	115	120
36	30	41	50	92	96
123	57	60	108	115	129
88	38	58	72	98	100
96	26	68	112	114
102	72	85	122	71	126
104	112	123	138
52	28	57	66	87	88
81	55	108	107	118
91	58	60	122	125	126
120	26	111	121	122
88	58	67	86	102	105
85	52	56	100	104	110

0=12
