68	12	21	30	65	77
105	52	63	104	115
42	28	52	54
10	28	30	38
88	22	60	102	106	110
125	68	82	84	122
68	65	72	68	102	110
115	65	72	112	110	114
106	60	62	97	108	116
27	22	30	70
66	30	55	82	84
85	20	45	50	92	104
45	21	40	45
5	7	8	15
38	5	20	28	38	62
128	68	78	112	115	115
87	30	37	46	95	96
62	4	5	45	50	62
100	30	75	85	98	116	126
108	52	54	65	95	115	116
102	75	80	102
115	73	78	112	136	132
138	10	42	114	120	123
68	12	50	95	100
40	20	24	48	62	68
140	75	90	122	124	128
112	42	50	77	115	127
38	45	47	48
115	77	90	120	120	135
102	65	67	85	92	125
92	15	72	75	112	120
165	75	77	124	128	135
75	45	65	67	92
86	68	102	110	114

0=16