130	45	61	62	110	125
10	12	14	20
130	82	84	130	132
20	4	26	58	60
60	80	81	87	96
147	104	105	138	142	144
102	88	89	112	124	136
100	114	116	123
98	6	55	74	110	119
126	60	114	130	132
106	47	58	80	115	123
114	45	72	80	120	123
56	15	68	69
150	65	75	122	128	136
6	4	5	5
62	48	50	55
102	21	68	98	100	115
65	42	75	83	114	121
118	38	58	72	115	120
52	15	42	56	90	91
68	42	48	102	103
106	50	78	110	109	133
136	56	75	103	124	138
116	68	88	100	123	134
100	35	75	108	115
15	21	30	62
6	15	21	24
48	42	45	46
84	50	32	80	88	98
107	6	12	48	105	106	112
77	35	78	88	102
125	102	103	116

0=18