71	40	58	67	120	123
81	33	81	84	120	129
141	67	79	132	137	146
108	58	65	113	118
15	68	85	120	120
120	78	92	94	135	137
109	30	65	104	106	118
85	57	75	89	112	113
93	55	59	87	124	125
115	65	72	90	108	121
97	8	46	45	108	111
96	88	96	110	119	121
10	12	16
132	122	124	125
106	50	58	92	107	125
81	66	72	109	110
76	35	80	84	85
115	47	110	121	122
5	7	8	10
7	18	40	55	60
10	5	11	12
8	10	2
87	47	72	107	108
96	40	58	98	102	108
96	30	68	111	112	128
115	50	60	84	111	115
78	52	54	103	105	115
108	47	48	108	109
38	4	20	27	31
25	22	25	30
29	25	35	40
80	50	61	72
116	37	102	115	116
112	25	93	98	99
68	50	60	78
122	72	73	95	118	123
87	40	78	80	108	116
84	45	60	83	102	120
68	48	52	68	85

0=11