18	33	37	23
121	79	98	111
56	44	56	81	6
71	58	87	8	15	5	2
144	75	87	125	124	141
113	70	75	92	123	123
6	6	7	10	
110	76	90	115	125	129
119	34	55	87	113	129
119	57	93	63	130	
124	65	70	115	123	116
72	40	60	90
89	59	68	85	103	104
14	11	13	36
143	58	107	107	122	28
146	47	67	103	136	138
84	73	78	93	101	120
138	65	58	101	113	121
102	61	87	95	14	113
83	39	70	73	39	62
143	110	110	38	120
90	68	71	111	116	48
116	35	63	63	118	118
69	4	60	61	63	
11	12	12	25
66	23	55	10	23
127	91	125	124	132	96
8	12	35
137	127	134	135	98	108
45	72	76	55	117
148	130	87	95	99	133
7	12	20
147	132	127	119	90	95
55	58	56	63

0=16