58	101	98	49	45	28
81	117	111	85	78	52
29	10	35	27
90	122	96	110	59	58
112	95	110	115	32	41
103	105	127	108
74	101	98	43	8	81	
95	130	115	110	54	28
82	110	116	95	65	54
87	30	87	93	103	40
118	120	115	83	118	82
80	105	90	50	93	43	
80	122	89	59	72	32
73	29	62	72	79	117
80	116	112	60	111	66
58	107	87	97	55	40
117	122	112	107	22	53
52	58	91	72	90	37	
55	87	96	95	5
53	100	35	44	43	26
43	70	68	68	100	112
112	100	70	73	96	97
65	33	74	76	102	103
90	115	117	106	61	60
67	65	66	108	111	116
110	73	85	108	127	118
121	55	110	115	117	68
18	18	21
76	98	103	58	45	47
121	122	125	135	88	80
85	80	45	112	112	117
92	85	46	75	114	116
91	90	97	123	126	79
103	65	66	104	114	73
122	90	107	112
132	13	24	108	100
57	20	82	84	86	112	115	45
8	10	15	17

0=11