128	106	107	125	38
28	17	58	50	110
31	15	33	35
139	122	129	143	38
44	15	74	68
127	47	86	77	125	124
130	20	129	133	137	67
42	123	104	100	82	33
90	50	80	88	108	119
100	37	76	77	113	118
128	59	43	115	115	105
115	120	115	84	42	58
82	14	69	100	110
111	70	98	106	105	73
85	68	84	108	105	
46	25	30	53
115	74	73	87	106	113
116	60	61	100	111	113
67	23	44	53	92	94	
18	7	25
78	84	80	117	118	119
138	30	79	130	135	124
35	30	30	60	85	5
55	27	30	18
6	8	10	20
46	42	52	60
87	31	35	113	95	95
103	75	78	83	113	129
40	4	38	43	
131	2	18	118	126	121

0=15