10	15	17	22
138	80	98	128	132	142
20	5	21
108	68	77	105	122	124
142	60	80	105	107	129
142	68	114	116	133
147	82	90	116	124	128
75	70	95	109	110
21	10	25
140	85	87	122	132	130
60	65	70	90
102	68	82	110	125	127
68	70	80	102	122
120	88	94	124	128	140
130	90	94	110	130
42	30	42	52	82	84
116	77	82	77	120	128
112	50	58	105	108	109
128	55	62	98	112	114
48	5	8	45	50
75	10	35	96	102	110
80	62	30	65	100	101
15	40	45	58
42	79	80	90
101	75	82	115	125	126
80	15	20	48	60
35	55	58	62
128	82	112	88	129	126
101	108	114	122
116	84	89	108	122	124
72	52	70	98	100

0=20