120	52	68	120	120	121
112	38	50	89	97	104
90	38	61	85	90	110	123
165	85	87	135	137	145
62	65	67	68
77	72	80	109	110	123
32	10	21	24	112
84	58	68	118	120
35	68	74	78	82
14	5	72	74	106	109
106	40	70	92	112	116
72	12	68	70	72
38	35	45	70
108	52	60	116	119	120
68	42	70	80
75	60	62	102	114
78	35	60	62	114	125
24	25	30	62	73	89
82	25	78	80	112	114
80	30	85	87	88	97	118
100	70	75	110	112	116
108	72	78	80	110	118
98	82	88	115	116	123
56	62	68	97	101	105
52	68	75	100	105	112
116	32	75	118	122	123
37	8	28	55	57
106	22	25	40	114	119

0=16