101	90	89	109	113	80	
143	67	74	107	130	143
120	73	112	127	132
126	110	132	137	63	92
53	47	54	65	79	72
118	75	110	114	112	65
59	58	67	40	20	15
83	66	121	136	96	9
66	65	85	70	75	78
95	46	49	48	93	70
99	50	81	92	120	130
119	46	124	135
125	130	108	97	109
95	45	105	122	124	65
147	73	134	138	135	100
130	82	135	122	127	8
162	73	147	128	140	33
116	122	130	45	72	90	129
96	116	96	79	80	45	82
15	20	22	18
8	10	12	12
157	136	88	120	135	81
143	106	132	132	99	121
143	138	141	117	23
68	10	66	67	67
99	111	102	89	55	
104	8	82	117	120	85
95	116	130	122	103	68
147	80	124	137	126
125	135	132	88	95	58
22	24	25
90	99	108	124	104	74
26	6	35	36
134	93	101	101	135	13	7
149	118	120	129	73	82
69	92	45	80	114	124
123	58	130	83	121	123	75
135	128	76	136	80	53
67	50	66	67	68	37
7	30	31	45
31	33	32	50
25	3	13	28	33

0=8