126	80	81	123	125	135
15	35	37	45
19	15	25	30
32	25	32	58	66
62	22	28	38	82	84
67	31	32	77	82
98	55	68	112	127
85	18	55	90	107	114
86	45	87	90	98
32	27	48	52
86	40	45	90	107	108
97	70	102	104
68	55	70	75	103	109
78	98	113	115
47	30	67	63	101	102
50	10	18	20	71	72
97	48	52	50	110	112
37	15	40	45	62
11	21	24
74	28	108	111	116
29	27	43	79	83
65	11	42	58	95	96
100	41	78	96	106
54	28	47	48	98	100
87	52	60	68	110	122
98	48	50	99	97	100
10	8	9	10
58	27	60	60	95	103
91	64	72	101	105
57	15	20	61	65	76
118	96	104	119
55	52	61	68
125	67	68	122	128	140
70	58	65	85	86	106
92	35	45	82	98	120
62	10	15	75	85	120
91	45	82	92	113
66	72	75	98
70	35	101	105	106
91	55	102	104	126
100	12	112	111	119

0=9